5.569242238998413086e-01 1.412154585123062134e-01 4.271543323993682861e-01
5.925780534744262695e-01 1.420497447252273560e-01 4.472127258777618408e-01
5.973514318466186523e-01 1.356217563152313232e-01 4.448103606700897217e-01
5.880929231643676758e-01 1.363563835620880127e-01 4.466851353645324707e-01
5.577374696731567383e-01 1.411594152450561523e-01 4.233277142047882080e-01
5.930579304695129395e-01 1.388977766036987305e-01 4.447463154792785645e-01
5.899762511253356934e-01 1.358553171157836914e-01 4.461187720298767090e-01
5.935855507850646973e-01 1.337421238422393799e-01 4.381478726863861084e-01
5.771746635437011719e-01 1.390689313411712646e-01 4.383011162281036377e-01
5.774056315422058105e-01 1.383808255195617676e-01 4.362733960151672363e-01
5.992015004158020020e-01 1.364640295505523682e-01 4.420979022979736328e-01
5.727976560592651367e-01 1.332642734050750732e-01 4.356479048728942871e-01
6.000667214393615723e-01 1.374696046113967896e-01 4.424769580364227295e-01
5.781468152999877930e-01 1.412479132413864136e-01 4.358688592910766602e-01
5.882731080055236816e-01 1.373868882656097412e-01 4.433425366878509521e-01
5.936165452003479004e-01 1.342539787292480469e-01 4.468917846679687500e-01
5.825902223587036133e-01 1.379338949918746948e-01 4.414390921592712402e-01
5.953698754310607910e-01 1.395162343978881836e-01 4.413093626499176025e-01
5.791159868240356445e-01 1.365155577659606934e-01 4.389528930187225342e-01
6.163160800933837891e-01 1.433739364147186279e-01 4.509169459342956543e-01
5.917326211929321289e-01 1.389320939779281616e-01 4.396817982196807861e-01
5.857213139533996582e-01 1.376386135816574097e-01 4.371588528156280518e-01
5.600605010986328125e-01 1.361920535564422607e-01 4.288927018642425537e-01
6.113143563270568848e-01 1.366238147020339966e-01 4.489582180976867676e-01
5.839454531669616699e-01 1.355333626270294189e-01 4.362820386886596680e-01
6.038851141929626465e-01 1.417415291070938110e-01 4.481617510318756104e-01
5.916273593902587891e-01 1.329555213451385498e-01 4.439659714698791504e-01
6.113431453704833984e-01 1.359587758779525757e-01 4.488900303840637207e-01
5.848425030708312988e-01 1.370204538106918335e-01 4.385800659656524658e-01
5.656993985176086426e-01 1.430067718029022217e-01 4.277952015399932861e-01
6.198824048042297363e-01 1.325595676898956299e-01 4.481494426727294922e-01
5.877549052238464355e-01 1.362812519073486328e-01 4.402729570865631104e-01
5.837306976318359375e-01 1.373136043548583984e-01 4.425044357776641846e-01
5.776283740997314453e-01 1.395679265260696411e-01 4.292773604393005371e-01
5.795557498931884766e-01 1.392863094806671143e-01 4.404432773590087891e-01
6.021533012390136719e-01 1.378025263547897339e-01 4.451042711734771729e-01
5.812762975692749023e-01 1.367009431123733521e-01 4.318697452545166016e-01
5.778786540031433105e-01 1.368432641029357910e-01 4.332582354545593262e-01
5.862627625465393066e-01 1.410617381334304810e-01 4.433702230453491211e-01
6.034361720085144043e-01 1.400901079177856445e-01 4.475138187408447266e-01
5.897994041442871094e-01 1.373423784971237183e-01 4.377654790878295898e-01
5.682802796363830566e-01 1.354755759239196777e-01 4.306930303573608398e-01
5.519831180572509766e-01 1.361814886331558228e-01 4.263898134231567383e-01
5.913360118865966797e-01 1.352665722370147705e-01 4.408161044120788574e-01
5.814136266708374023e-01 1.329609453678131104e-01 4.359487295150756836e-01
5.801340341567993164e-01 1.431591063737869263e-01 4.384476244449615479e-01
6.081455945968627930e-01 1.357066482305526733e-01 4.494424462318420410e-01
5.826326012611389160e-01 1.370299905538558960e-01 4.354456067085266113e-01
5.997880101203918457e-01 1.375563889741897583e-01 4.453792572021484375e-01
5.842927098274230957e-01 1.382322609424591064e-01 4.405067861080169678e-01
5.796874761581420898e-01 1.367788612842559814e-01 4.329830408096313477e-01
5.956300497055053711e-01 1.388326585292816162e-01 4.451007246971130371e-01
5.776838064193725586e-01 1.374263614416122437e-01 4.360405206680297852e-01
5.969458222389221191e-01 1.391371190547943115e-01 4.392906725406646729e-01
5.921438336372375488e-01 1.373410224914550781e-01 4.402244091033935547e-01
5.811669230461120605e-01 1.359995603561401367e-01 4.334485828876495361e-01
5.655410885810852051e-01 1.373790651559829712e-01 4.349868893623352051e-01
5.920463204383850098e-01 1.345334500074386597e-01 4.442659914493560791e-01
5.501561760902404785e-01 1.368466913700103760e-01 4.243648350238800049e-01
5.757284164428710938e-01 1.354412883520126343e-01 4.355417788028717041e-01
5.794128775596618652e-01 1.353763341903686523e-01 4.387391507625579834e-01
5.877716541290283203e-01 1.379321217536926270e-01 4.375869631767272949e-01
5.910111069679260254e-01 1.386023163795471191e-01 4.403347969055175781e-01
5.752633213996887207e-01 1.380871683359146118e-01 4.346853792667388916e-01
5.902399420738220215e-01 1.422736048698425293e-01 4.428095221519470215e-01
5.756583213806152344e-01 1.365025639533996582e-01 4.386315643787384033e-01
5.977618694305419922e-01 1.368387341499328613e-01 4.402243793010711670e-01
6.046217083930969238e-01 1.371137350797653198e-01 4.466457366943359375e-01
5.713534951210021973e-01 1.352244764566421509e-01 4.335424900054931641e-01
5.608624219894409180e-01 1.406691968441009521e-01 4.295193850994110107e-01
6.026922464370727539e-01 1.389800310134887695e-01 4.424976706504821777e-01
6.422303318977355957e-01 1.384279280900955200e-01 4.593890905380249023e-01
5.728566050529479980e-01 1.363558173179626465e-01 4.373258054256439209e-01
5.736540555953979492e-01 1.358817815780639648e-01 4.323050081729888916e-01
5.776044130325317383e-01 1.413608044385910034e-01 4.401979744434356689e-01
5.958958864212036133e-01 1.350378990173339844e-01 4.439974129199981689e-01
5.694867968559265137e-01 1.426156312227249146e-01 4.356642663478851318e-01
6.131104826927185059e-01 1.410918831825256348e-01 4.503020644187927246e-01
6.046904921531677246e-01 1.389524638652801514e-01 4.488591849803924561e-01
5.786756277084350586e-01 1.344561725854873657e-01 4.335452616214752197e-01
5.850747227668762207e-01 1.356160938739776611e-01 4.386687278747558594e-01
5.929278731346130371e-01 1.390799432992935181e-01 4.486563503742218018e-01
5.813083648681640625e-01 1.348500549793243408e-01 4.373457431793212891e-01
5.734574794769287109e-01 1.387205123901367188e-01 4.299569725990295410e-01
5.991475582122802734e-01 1.409501880407333374e-01 4.433754384517669678e-01
6.017828583717346191e-01 1.363935768604278564e-01 4.464336037635803223e-01
5.794788599014282227e-01 1.351138353347778320e-01 4.350412786006927490e-01
5.999601483345031738e-01 1.397678405046463013e-01 4.432478547096252441e-01
5.879009366035461426e-01 1.356846541166305542e-01 4.409580528736114502e-01
5.867264270782470703e-01 1.333822309970855713e-01 4.403181076049804688e-01
5.910334587097167969e-01 1.352344900369644165e-01 4.406417310237884521e-01
6.066759824752807617e-01 1.373654156923294067e-01 4.469340741634368896e-01
5.803902149200439453e-01 1.406811028718948364e-01 4.351090192794799805e-01
5.811237692832946777e-01 1.350332796573638916e-01 4.371179938316345215e-01
5.541666150093078613e-01 1.391700655221939087e-01 4.258107841014862061e-01
6.182659268379211426e-01 1.349731236696243286e-01 4.510079324245452881e-01
5.706468820571899414e-01 1.352455317974090576e-01 4.368819594383239746e-01
5.983659029006958008e-01 1.361683905124664307e-01 4.473988115787506104e-01
5.922812223434448242e-01 1.395878195762634277e-01 4.369202852249145508e-01
5.882759094238281250e-01 1.384791731834411621e-01 4.387223124504089355e-01
5.876507163047790527e-01 1.379183828830718994e-01 4.380794763565063477e-01
5.855073332786560059e-01 1.330964863300323486e-01 4.422973096370697021e-01
5.769561529159545898e-01 1.393742114305496216e-01 4.336398839950561523e-01
5.727648138999938965e-01 1.367822438478469849e-01 4.346722662448883057e-01
5.907421708106994629e-01 1.387674659490585327e-01 4.399200379848480225e-01
5.750997066497802734e-01 1.379633396863937378e-01 4.347150325775146484e-01
5.726353526115417480e-01 1.355576515197753906e-01 4.385312497615814209e-01
5.710735321044921875e-01 1.347473412752151489e-01 4.338631927967071533e-01
6.010895371437072754e-01 1.363098472356796265e-01 4.425290524959564209e-01
5.808233022689819336e-01 1.349772214889526367e-01 4.403328597545623779e-01
5.726189017295837402e-01 1.349221020936965942e-01 4.358904957771301270e-01
5.875107645988464355e-01 1.367371827363967896e-01 4.357986152172088623e-01
5.685383081436157227e-01 1.383321881294250488e-01 4.332968890666961670e-01
5.625297427177429199e-01 1.395109295845031738e-01 4.243547320365905762e-01
6.078695058822631836e-01 1.387131810188293457e-01 4.496811926364898682e-01
5.649012923240661621e-01 1.352604478597640991e-01 4.316083490848541260e-01
5.806595683097839355e-01 1.404401808977127075e-01 4.391179680824279785e-01
5.853735804557800293e-01 1.343663334846496582e-01 4.406422972679138184e-01
5.957102775573730469e-01 1.361633539199829102e-01 4.463932216167449951e-01
5.650945305824279785e-01 1.382161378860473633e-01 4.333563446998596191e-01
5.800275802612304688e-01 1.377730965614318848e-01 4.383265078067779541e-01
6.017460823059082031e-01 1.367082595825195312e-01 4.465314149856567383e-01
5.906074643135070801e-01 1.373352557420730591e-01 4.360933303833007812e-01
5.795946717262268066e-01 1.387899816036224365e-01 4.386577308177947998e-01
5.852234959602355957e-01 1.382057070732116699e-01 4.356960058212280273e-01
5.700736641883850098e-01 1.360311210155487061e-01 4.344391822814941406e-01
6.062945723533630371e-01 1.391646862030029297e-01 4.476723968982696533e-01
5.923594832420349121e-01 1.360237747430801392e-01 4.427101910114288330e-01
5.917753577232360840e-01 1.342381536960601807e-01 4.401892721652984619e-01
5.774387717247009277e-01 1.347106099128723145e-01 4.353565871715545654e-01
6.046969890594482422e-01 1.395530104637145996e-01 4.478350579738616943e-01
5.804882645606994629e-01 1.381049156188964844e-01 4.334761500358581543e-01
5.718190670013427734e-01 1.396921724081039429e-01 4.339381456375122070e-01
5.945775508880615234e-01 1.376490592956542969e-01 4.438934028148651123e-01
5.521960258483886719e-01 1.423767358064651489e-01 4.222673773765563965e-01
5.964122414588928223e-01 1.399832665920257568e-01 4.423913061618804932e-01
5.904701352119445801e-01 1.329412162303924561e-01 4.414560496807098389e-01
5.883277058601379395e-01 1.352733820676803589e-01 4.414852261543273926e-01
5.695924758911132812e-01 1.408656537532806396e-01 4.300459921360015869e-01
5.698220133781433105e-01 1.354200392961502075e-01 4.304172992706298828e-01
5.695159435272216797e-01 1.374877691268920898e-01 4.316026866436004639e-01
5.989443659782409668e-01 1.399555206298828125e-01 4.454948604106903076e-01
5.910326838493347168e-01 1.392636299133300781e-01 4.393168985843658447e-01
5.619969367980957031e-01 1.388144642114639282e-01 4.283068776130676270e-01
5.586205124855041504e-01 1.372092217206954956e-01 4.309683442115783691e-01
5.798908472061157227e-01 1.372715830802917480e-01 4.357073307037353516e-01
5.781531333923339844e-01 1.341493129730224609e-01 4.379076063632965088e-01
5.802764892578125000e-01 1.377543210983276367e-01 4.333261549472808838e-01
5.924375653266906738e-01 1.363270133733749390e-01 4.435950219631195068e-01
5.690452456474304199e-01 1.334464401006698608e-01 4.375270903110504150e-01
5.830836892127990723e-01 1.365613341331481934e-01 4.365458190441131592e-01
5.938374996185302734e-01 1.356243938207626343e-01 4.371920526027679443e-01
5.667359232902526855e-01 1.374139040708541870e-01 4.305592775344848633e-01
5.780075788497924805e-01 1.353136897087097168e-01 4.310796260833740234e-01
5.748158693313598633e-01 1.391921937465667725e-01 4.362804293632507324e-01
5.911687612533569336e-01 1.368946135044097900e-01 4.420264065265655518e-01
5.898717641830444336e-01 1.376570165157318115e-01 4.416767358779907227e-01
5.634332895278930664e-01 1.389653235673904419e-01 4.270182251930236816e-01
6.160135269165039062e-01 1.357400566339492798e-01 4.531320333480834961e-01
5.945168137550354004e-01 1.360870897769927979e-01 4.442342519760131836e-01
5.661599040031433105e-01 1.357713341712951660e-01 4.286288022994995117e-01
5.766412019729614258e-01 1.344853639602661133e-01 4.352198243141174316e-01
5.934494733810424805e-01 1.345619708299636841e-01 4.428113698959350586e-01
5.537449717521667480e-01 1.371676623821258545e-01 4.230813980102539062e-01
5.989875197410583496e-01 1.359073519706726074e-01 4.440611898899078369e-01
5.843454599380493164e-01 1.402193903923034668e-01 4.365738034248352051e-01
5.698072314262390137e-01 1.401490420103073120e-01 4.311901032924652100e-01
5.749282240867614746e-01 1.379596292972564697e-01 4.301847517490386963e-01
5.658152699470520020e-01 1.389933228492736816e-01 4.305444061756134033e-01
5.995948910713195801e-01 1.349921822547912598e-01 4.451264739036560059e-01
5.509462356567382812e-01 1.402856707572937012e-01 4.248763024806976318e-01
6.017941236495971680e-01 1.408399641513824463e-01 4.446027278900146484e-01
5.747314095497131348e-01 1.341977119445800781e-01 4.391759037971496582e-01
5.827298760414123535e-01 1.326442509889602661e-01 4.337605535984039307e-01
5.852713584899902344e-01 1.394380480051040649e-01 4.368503987789154053e-01
6.015870571136474609e-01 1.379051953554153442e-01 4.480105042457580566e-01
5.995596647262573242e-01 1.372135132551193237e-01 4.441236555576324463e-01
5.887279510498046875e-01 1.355011016130447388e-01 4.366785287857055664e-01
5.881999135017395020e-01 1.384203732013702393e-01 4.405811727046966553e-01
5.966978073120117188e-01 1.336650699377059937e-01 4.413984119892120361e-01
5.593003630638122559e-01 1.338121294975280762e-01 4.297862350940704346e-01
5.845015048980712891e-01 1.369564533233642578e-01 4.445517063140869141e-01
5.992743968963623047e-01 1.364061981439590454e-01 4.497495591640472412e-01
5.762743949890136719e-01 1.376196146011352539e-01 4.392087757587432861e-01
5.889577269554138184e-01 1.368097513914108276e-01 4.383564889430999756e-01
6.122048497200012207e-01 1.389728486537933350e-01 4.503438770771026611e-01
5.631397366523742676e-01 1.366692185401916504e-01 4.285074770450592041e-01
6.048197150230407715e-01 1.324530392885208130e-01 4.498306214809417725e-01
5.675267577171325684e-01 1.350711286067962646e-01 4.321923553943634033e-01
6.029454469680786133e-01 1.369180977344512939e-01 4.395676851272583008e-01
5.743871927261352539e-01 1.381664276123046875e-01 4.332747459411621094e-01
5.509763360023498535e-01 1.396401375532150269e-01 4.271327555179595947e-01
5.824673175811767578e-01 1.387025713920593262e-01 4.380317032337188721e-01
6.015717387199401855e-01 1.352098286151885986e-01 4.463475644588470459e-01
5.926966071128845215e-01 1.373931616544723511e-01 4.405379295349121094e-01
5.824140310287475586e-01 1.388838738203048706e-01 4.366682767868041992e-01
6.002914309501647949e-01 1.377559751272201538e-01 4.436458349227905273e-01
5.785844326019287109e-01 1.342451274394989014e-01 4.373363256454467773e-01
6.128571033477783203e-01 1.349422037601470947e-01 4.454790055751800537e-01
5.958254933357238770e-01 1.339204907417297363e-01 4.417741596698760986e-01
5.678132772445678711e-01 1.371455639600753784e-01 4.331490099430084229e-01
6.048121452331542969e-01 1.345514059066772461e-01 4.408902823925018311e-01
5.929797291755676270e-01 1.385952681303024292e-01 4.434235692024230957e-01
5.792400240898132324e-01 1.388216018676757812e-01 4.393926262855529785e-01
5.811021924018859863e-01 1.389672756195068359e-01 4.381558597087860107e-01
5.920506715774536133e-01 1.384989768266677856e-01 4.436989128589630127e-01
6.047828793525695801e-01 1.359888613224029541e-01 4.509980976581573486e-01
5.961580872535705566e-01 1.397259831428527832e-01 4.424179792404174805e-01
5.953104496002197266e-01 1.396830379962921143e-01 4.399755895137786865e-01
5.723690986633300781e-01 1.367426067590713501e-01 4.326502680778503418e-01
5.865638852119445801e-01 1.376116424798965454e-01 4.391970932483673096e-01
5.632897019386291504e-01 1.374677121639251709e-01 4.300087690353393555e-01
5.695046186447143555e-01 1.390433013439178467e-01 4.333655536174774170e-01
5.576263070106506348e-01 1.360453814268112183e-01 4.237535595893859863e-01
5.639104843139648438e-01 1.406072974205017090e-01 4.273940324783325195e-01
5.584508180618286133e-01 1.385948359966278076e-01 4.271541237831115723e-01
5.780883431434631348e-01 1.347840130329132080e-01 4.395962357521057129e-01
5.941351056098937988e-01 1.405251473188400269e-01 4.408745169639587402e-01
5.852199792861938477e-01 1.407563090324401855e-01 4.423640370368957520e-01
5.716748833656311035e-01 1.362233757972717285e-01 4.335826933383941650e-01
5.735933184623718262e-01 1.382544636726379395e-01 4.307844936847686768e-01
5.894647836685180664e-01 1.322467327117919922e-01 4.430831670761108398e-01
5.716651678085327148e-01 1.419240385293960571e-01 4.321134090423583984e-01
6.037012338638305664e-01 1.355390101671218872e-01 4.491919577121734619e-01
6.035014986991882324e-01 1.382071375846862793e-01 4.428941309452056885e-01
5.843390822410583496e-01 1.351493000984191895e-01 4.385364055633544922e-01
5.745443701744079590e-01 1.381008177995681763e-01 4.357248246669769287e-01
5.827112197875976562e-01 1.369357705116271973e-01 4.364047944545745850e-01
5.783900022506713867e-01 1.362647265195846558e-01 4.361897110939025879e-01
5.949112772941589355e-01 1.330780684947967529e-01 4.432469010353088379e-01
5.780835747718811035e-01 1.350502073764801025e-01 4.348683059215545654e-01
5.911669731140136719e-01 1.361847370862960815e-01 4.421695470809936523e-01
5.779910087585449219e-01 1.387032866477966309e-01 4.361464679241180420e-01
5.807704925537109375e-01 1.417153477668762207e-01 4.368161857128143311e-01
5.884842276573181152e-01 1.362104862928390503e-01 4.367625117301940918e-01
5.809876918792724609e-01 1.367275416851043701e-01 4.396439790725708008e-01
6.016184687614440918e-01 1.360435038805007935e-01 4.470103383064270020e-01
6.120610833168029785e-01 1.400156617164611816e-01 4.467250704765319824e-01
5.784316062927246094e-01 1.402153968811035156e-01 4.335025548934936523e-01
5.634209513664245605e-01 1.381473988294601440e-01 4.286943972110748291e-01
6.039722561836242676e-01 1.374027878046035767e-01 4.460886716842651367e-01
5.920051336288452148e-01 1.365368366241455078e-01 4.423139691352844238e-01
5.822829008102416992e-01 1.364965438842773438e-01 4.358511567115783691e-01
5.946872234344482422e-01 1.360035091638565063e-01 4.420067965984344482e-01
5.968526005744934082e-01 1.366083621978759766e-01 4.386682808399200439e-01
5.825818777084350586e-01 1.359623074531555176e-01 4.340346753597259521e-01
5.899184942245483398e-01 1.338440179824829102e-01 4.403633773326873779e-01
5.884821414947509766e-01 1.336601972579956055e-01 4.373725354671478271e-01
5.601168870925903320e-01 1.354998350143432617e-01 4.275447726249694824e-01
5.903645157814025879e-01 1.363824903964996338e-01 4.412509202957153320e-01
5.906981229782104492e-01 1.404836028814315796e-01 4.444870352745056152e-01
5.994393229484558105e-01 1.369033008813858032e-01 4.424993991851806641e-01
5.670233964920043945e-01 1.382492333650588989e-01 4.354071915149688721e-01
5.868106484413146973e-01 1.371115744113922119e-01 4.395015239715576172e-01
5.797099471092224121e-01 1.392304003238677979e-01 4.357110857963562012e-01
5.882225036621093750e-01 1.365102380514144897e-01 4.417637586593627930e-01
5.637003779411315918e-01 1.397970318794250488e-01 4.275049567222595215e-01
6.106870770454406738e-01 1.402083933353424072e-01 4.498895704746246338e-01
6.032876372337341309e-01 1.384050548076629639e-01 4.485194385051727295e-01
5.789403319358825684e-01 1.380569338798522949e-01 4.382211565971374512e-01
5.852172374725341797e-01 1.388432085514068604e-01 4.447800517082214355e-01
5.739200711250305176e-01 1.410228163003921509e-01 4.333864748477935791e-01
6.065419316291809082e-01 1.388838142156600952e-01 4.487102329730987549e-01
6.014816761016845703e-01 1.398027092218399048e-01 4.436610639095306396e-01
5.844666957855224609e-01 1.364524960517883301e-01 4.339834153652191162e-01
5.754898190498352051e-01 1.414648145437240601e-01 4.381812214851379395e-01
6.087883114814758301e-01 1.378474384546279907e-01 4.510219097137451172e-01
5.891856551170349121e-01 1.365217268466949463e-01 4.465031921863555908e-01
5.805186033248901367e-01 1.399180442094802856e-01 4.395898878574371338e-01
5.711349248886108398e-01 1.347634345293045044e-01 4.310835003852844238e-01
5.912795662879943848e-01 1.386554986238479614e-01 4.459432959556579590e-01
5.785475373268127441e-01 1.374076455831527710e-01 4.425907433032989502e-01
5.649003386497497559e-01 1.327730566263198853e-01 4.290821552276611328e-01
5.518752932548522949e-01 1.376335322856903076e-01 4.285927414894104004e-01
5.751296877861022949e-01 1.391679793596267700e-01 4.327248930931091309e-01
5.807433724403381348e-01 1.426849961280822754e-01 4.397810101509094238e-01
5.875016450881958008e-01 1.359111070632934570e-01 4.399697780609130859e-01
5.826864838600158691e-01 1.340834200382232666e-01 4.357430338859558105e-01
6.063026785850524902e-01 1.359349787235260010e-01 4.466001689434051514e-01
5.711795091629028320e-01 1.359426677227020264e-01 4.317293465137481689e-01
6.031849980354309082e-01 1.406225413084030151e-01 4.459754526615142822e-01
5.614297986030578613e-01 1.390076875686645508e-01 4.268171191215515137e-01
5.921703577041625977e-01 1.341184973716735840e-01 4.410435557365417480e-01
5.816340446472167969e-01 1.382493674755096436e-01 4.367863237857818604e-01
5.783410072326660156e-01 1.354415714740753174e-01 4.321156442165374756e-01
5.873830318450927734e-01 1.363839507102966309e-01 4.379736781120300293e-01
6.065185070037841797e-01 1.341529190540313721e-01 4.448027312755584717e-01
5.836396813392639160e-01 1.369546800851821899e-01 4.361701011657714844e-01
5.661495923995971680e-01 1.340193301439285278e-01 4.323683083057403564e-01
5.577006340026855469e-01 1.362193971872329712e-01 4.247286915779113770e-01
5.995270013809204102e-01 1.385373324155807495e-01 4.473173916339874268e-01
5.877547264099121094e-01 1.384520828723907471e-01 4.428545832633972168e-01
5.920463800430297852e-01 1.361346542835235596e-01 4.401878118515014648e-01
5.550838708877563477e-01 1.334115862846374512e-01 4.245455861091613770e-01
6.065858602523803711e-01 1.393774896860122681e-01 4.439688622951507568e-01
5.874278545379638672e-01 1.360587477684020996e-01 4.389989674091339111e-01
5.836113095283508301e-01 1.387534737586975098e-01 4.389563798904418945e-01
5.799701809883117676e-01 1.404360979795455933e-01 4.330016970634460449e-01
5.806301832199096680e-01 1.370559334754943848e-01 4.388366639614105225e-01
5.707000494003295898e-01 1.389485597610473633e-01 4.311830699443817139e-01
5.752595067024230957e-01 1.397052407264709473e-01 4.330758154392242432e-01
5.986070632934570312e-01 1.371134966611862183e-01 4.417564272880554199e-01
5.993268489837646484e-01 1.360290348529815674e-01 4.460535347461700439e-01
5.692447423934936523e-01 1.417039334774017334e-01 4.290572404861450195e-01
5.880171656608581543e-01 1.361048519611358643e-01 4.391840696334838867e-01
5.905453562736511230e-01 1.354388445615768433e-01 4.459905028343200684e-01
5.778567194938659668e-01 1.384901851415634155e-01 4.324760735034942627e-01
5.754092335700988770e-01 1.356789022684097290e-01 4.358099102973937988e-01
5.603947043418884277e-01 1.343142688274383545e-01 4.321092963218688965e-01
5.780359506607055664e-01 1.364222168922424316e-01 4.387178122997283936e-01
5.719594359397888184e-01 1.385984271764755249e-01 4.363783895969390869e-01
5.833886265754699707e-01 1.365010738372802734e-01 4.382434189319610596e-01
5.893911123275756836e-01 1.386622041463851929e-01 4.448466300964355469e-01
6.067540049552917480e-01 1.356217265129089355e-01 4.409079551696777344e-01
5.820776820182800293e-01 1.375688314437866211e-01 4.402526319026947021e-01
6.003110408782958984e-01 1.392000913619995117e-01 4.410137236118316650e-01
5.723035931587219238e-01 1.354474723339080811e-01 4.307653009891510010e-01
5.687254071235656738e-01 1.364983022212982178e-01 4.304922223091125488e-01
6.017332077026367188e-01 1.371159106492996216e-01 4.470487534999847412e-01
6.030046343803405762e-01 1.392610371112823486e-01 4.443110823631286621e-01
5.619019269943237305e-01 1.396367549896240234e-01 4.293366074562072754e-01
5.867353677749633789e-01 1.354830414056777954e-01 4.360129833221435547e-01
5.852232575416564941e-01 1.360294520854949951e-01 4.355578124523162842e-01
5.752452015876770020e-01 1.390313059091567993e-01 4.342254996299743652e-01
5.722100734710693359e-01 1.371034830808639526e-01 4.337143599987030029e-01
5.706257224082946777e-01 1.402061581611633301e-01 4.332756698131561279e-01
5.903766751289367676e-01 1.409571468830108643e-01 4.416261017322540283e-01
5.958047509193420410e-01 1.381850689649581909e-01 4.427248537540435791e-01
5.753861665725708008e-01 1.385067999362945557e-01 4.367617368698120117e-01
5.588423013687133789e-01 1.377028822898864746e-01 4.312426447868347168e-01
5.713111758232116699e-01 1.367568969726562500e-01 4.331883192062377930e-01
5.613340139389038086e-01 1.363056004047393799e-01 4.343935549259185791e-01
5.904197692871093750e-01 1.403425931930541992e-01 4.429159164428710938e-01
5.823287367820739746e-01 1.376517117023468018e-01 4.360500872135162354e-01
6.003533601760864258e-01 1.422009468078613281e-01 4.457167088985443115e-01
5.765798091888427734e-01 1.382941305637359619e-01 4.342330694198608398e-01
5.881490111351013184e-01 1.357117146253585815e-01 4.406347572803497314e-01
6.048350930213928223e-01 1.371646225452423096e-01 4.470655024051666260e-01
5.872187018394470215e-01 1.389524042606353760e-01 4.378486573696136475e-01
6.024202108383178711e-01 1.405714005231857300e-01 4.450943171977996826e-01
5.818135738372802734e-01 1.391821354627609253e-01 4.361969530582427979e-01
5.968422889709472656e-01 1.373631954193115234e-01 4.426572918891906738e-01
5.462998747825622559e-01 1.334785223007202148e-01 4.266122579574584961e-01
5.883063077926635742e-01 1.377935856580734253e-01 4.383707046508789062e-01
5.699562430381774902e-01 1.347352117300033569e-01 4.356564879417419434e-01
5.833447575569152832e-01 1.354466974735260010e-01 4.414088129997253418e-01
6.009193658828735352e-01 1.393571943044662476e-01 4.447147846221923828e-01
5.786295533180236816e-01 1.357910335063934326e-01 4.347014427185058594e-01
6.024019718170166016e-01 1.391846239566802979e-01 4.455549418926239014e-01
5.756592750549316406e-01 1.352008581161499023e-01 4.398004412651062012e-01
6.087240576744079590e-01 1.363526582717895508e-01 4.513008296489715576e-01
5.700625181198120117e-01 1.408815085887908936e-01 4.324460029602050781e-01
5.788880586624145508e-01 1.395980715751647949e-01 4.330289661884307861e-01
5.674700736999511719e-01 1.378020197153091431e-01 4.296558797359466553e-01
5.783029198646545410e-01 1.374320685863494873e-01 4.302830994129180908e-01
5.994352698326110840e-01 1.362536251544952393e-01 4.461629390716552734e-01
5.915509462356567383e-01 1.378259062767028809e-01 4.376573562622070312e-01
5.662608742713928223e-01 1.352618634700775146e-01 4.290670454502105713e-01
5.900402665138244629e-01 1.373849362134933472e-01 4.429647922515869141e-01
5.899317860603332520e-01 1.404914855957031250e-01 4.399830400943756104e-01
5.594956874847412109e-01 1.349653303623199463e-01 4.291534721851348877e-01
5.651487112045288086e-01 1.370847672224044800e-01 4.344814717769622803e-01
5.751960873603820801e-01 1.346783787012100220e-01 4.328025579452514648e-01
5.863806009292602539e-01 1.367238163948059082e-01 4.400113523006439209e-01
5.770877003669738770e-01 1.386166214942932129e-01 4.367559552192687988e-01
5.534192919731140137e-01 1.377667784690856934e-01 4.261938333511352539e-01
5.782536864280700684e-01 1.340941786766052246e-01 4.384954571723937988e-01
5.847902297973632812e-01 1.335200369358062744e-01 4.384314417839050293e-01
5.905758738517761230e-01 1.381630301475524902e-01 4.426141381263732910e-01
5.676680207252502441e-01 1.397109925746917725e-01 4.320150017738342285e-01
5.869143605232238770e-01 1.406603008508682251e-01 4.347509145736694336e-01
5.713089704513549805e-01 1.350540369749069214e-01 4.369345009326934814e-01
5.994145870208740234e-01 1.351693719625473022e-01 4.505231678485870361e-01
5.866891145706176758e-01 1.379061788320541382e-01 4.435186386108398438e-01
6.342449188232421875e-01 1.395030915737152100e-01 4.578836858272552490e-01
5.896995663642883301e-01 1.382414549589157104e-01 4.426885247230529785e-01
5.733464360237121582e-01 1.350119858980178833e-01 4.299406111240386963e-01
5.700279474258422852e-01 1.376725733280181885e-01 4.310438334941864014e-01
5.936955213546752930e-01 1.382338553667068481e-01 4.392284452915191650e-01
5.770469903945922852e-01 1.351483315229415894e-01 4.355992972850799561e-01
5.600702166557312012e-01 1.375854462385177612e-01 4.332842230796813965e-01
6.112566590309143066e-01 1.356548517942428589e-01 4.508510828018188477e-01
6.031895279884338379e-01 1.397629976272583008e-01 4.411271214485168457e-01
5.907555222511291504e-01 1.381799131631851196e-01 4.368806481361389160e-01
5.693944096565246582e-01 1.386308968067169189e-01 4.294472038745880127e-01
6.038695573806762695e-01 1.369867473840713501e-01 4.443743228912353516e-01
5.713019967079162598e-01 1.349418461322784424e-01 4.299329519271850586e-01
5.830414891242980957e-01 1.387295424938201904e-01 4.401335418224334717e-01
5.851172208786010742e-01 1.349041163921356201e-01 4.420504570007324219e-01
5.751098990440368652e-01 1.369000375270843506e-01 4.315405488014221191e-01
6.003502607345581055e-01 1.408018767833709717e-01 4.456068575382232666e-01
6.076231598854064941e-01 1.386233270168304443e-01 4.455430805683135986e-01
6.051203608512878418e-01 1.391289234161376953e-01 4.482335448265075684e-01
6.024752855300903320e-01 1.379278451204299927e-01 4.469259977340698242e-01
5.723056197166442871e-01 1.343688815832138062e-01 4.339937865734100342e-01
6.137031912803649902e-01 1.390360891819000244e-01 4.540988206863403320e-01
6.096202731132507324e-01 1.373043656349182129e-01 4.491482675075531006e-01
5.920538902282714844e-01 1.337818354368209839e-01 4.461031854152679443e-01
5.885657072067260742e-01 1.384027302265167236e-01 4.379923045635223389e-01
5.884966850280761719e-01 1.378520578145980835e-01 4.364720880985260010e-01
5.748367309570312500e-01 1.381317377090454102e-01 4.306423664093017578e-01
5.949651598930358887e-01 1.309881210327148438e-01 4.466931521892547607e-01
5.643979907035827637e-01 1.336444318294525146e-01 4.270710051059722900e-01
5.928340554237365723e-01 1.393236517906188965e-01 4.447395503520965576e-01
5.692353248596191406e-01 1.379491090774536133e-01 4.299435317516326904e-01
5.822847485542297363e-01 1.403934955596923828e-01 4.426841735839843750e-01
5.725542902946472168e-01 1.338636279106140137e-01 4.344849884510040283e-01
5.842561125755310059e-01 1.340736895799636841e-01 4.383296966552734375e-01
5.646801590919494629e-01 1.356275379657745361e-01 4.275517761707305908e-01
5.993909835815429688e-01 1.419178843498229980e-01 4.430810511112213135e-01
5.899667143821716309e-01 1.380604505538940430e-01 4.443131387233734131e-01
5.628226399421691895e-01 1.388774961233139038e-01 4.260559082031250000e-01
5.865840911865234375e-01 1.378454864025115967e-01 4.410339593887329102e-01
5.789667367935180664e-01 1.363488882780075073e-01 4.368379414081573486e-01
5.752304792404174805e-01 1.341525167226791382e-01 4.333076477050781250e-01
5.773041844367980957e-01 1.362372338771820068e-01 4.429531693458557129e-01
5.763418674468994141e-01 1.394316554069519043e-01 4.365539252758026123e-01
5.840191245079040527e-01 1.401728838682174683e-01 4.395064711570739746e-01
5.726473331451416016e-01 1.347337812185287476e-01 4.334294497966766357e-01
5.946282744407653809e-01 1.354472041130065918e-01 4.404439926147460938e-01
5.882412791252136230e-01 1.385438144207000732e-01 4.401320517063140869e-01
5.646620392799377441e-01 1.386116147041320801e-01 4.333138763904571533e-01
6.075907349586486816e-01 1.361814141273498535e-01 4.501037001609802246e-01
5.927867293357849121e-01 1.404869407415390015e-01 4.418968558311462402e-01
5.943567752838134766e-01 1.345910727977752686e-01 4.426603913307189941e-01
6.076606512069702148e-01 1.389865875244140625e-01 4.460761547088623047e-01
5.949867367744445801e-01 1.367574781179428101e-01 4.388442933559417725e-01
5.759537220001220703e-01 1.392380446195602417e-01 4.357698261737823486e-01
5.824902653694152832e-01 1.408551335334777832e-01 4.354346096515655518e-01
6.073305606842041016e-01 1.432772278785705566e-01 4.471237063407897949e-01
5.785803198814392090e-01 1.350259184837341309e-01 4.388439655303955078e-01
5.788984894752502441e-01 1.371327340602874756e-01 4.348838031291961670e-01
5.800203680992126465e-01 1.380692720413208008e-01 4.396269321441650391e-01
5.814414024353027344e-01 1.404692828655242920e-01 4.336159527301788330e-01
5.878387093544006348e-01 1.347196996212005615e-01 4.378959238529205322e-01
5.874650478363037109e-01 1.328450739383697510e-01 4.338684678077697754e-01
5.609542727470397949e-01 1.338253170251846313e-01 4.359062910079956055e-01
5.792202949523925781e-01 1.363219469785690308e-01 4.372498095035552979e-01
6.101084351539611816e-01 1.353191584348678589e-01 4.511717855930328369e-01
5.679413676261901855e-01 1.353549659252166748e-01 4.340595006942749023e-01
5.766519904136657715e-01 1.338347047567367554e-01 4.340277016162872314e-01
5.818152427673339844e-01 1.405642032623291016e-01 4.381938278675079346e-01
5.799376964569091797e-01 1.378812938928604126e-01 4.381001293659210205e-01
5.765026807785034180e-01 1.380112916231155396e-01 4.298765063285827637e-01
5.725832581520080566e-01 1.406688392162322998e-01 4.341110885143280029e-01
5.730244517326354980e-01 1.362075507640838623e-01 4.361236691474914551e-01
5.940064787864685059e-01 1.402926892042160034e-01 4.446476399898529053e-01
6.059418320655822754e-01 1.407376378774642944e-01 4.486413300037384033e-01
5.926014780998229980e-01 1.361323595046997070e-01 4.450300633907318115e-01
5.897161364555358887e-01 1.372068077325820923e-01 4.442535042762756348e-01
5.972841978073120117e-01 1.423002928495407104e-01 4.445244371891021729e-01
5.404586195945739746e-01 1.397574990987777710e-01 4.190790653228759766e-01
5.770701169967651367e-01 1.409390270709991455e-01 4.342212677001953125e-01
5.437952280044555664e-01 1.407633423805236816e-01 4.237589538097381592e-01
5.776207447052001953e-01 1.377110183238983154e-01 4.393095076084136963e-01
6.111178398132324219e-01 1.441604644060134888e-01 4.472118914127349854e-01
5.724573135375976562e-01 1.362714320421218872e-01 4.371119439601898193e-01
5.759879946708679199e-01 1.367097645998001099e-01 4.328462779521942139e-01
6.053473353385925293e-01 1.351461410522460938e-01 4.426877200603485107e-01
5.793619155883789062e-01 1.444599628448486328e-01 4.372707903385162354e-01
5.713911056518554688e-01 1.369203776121139526e-01 4.344818592071533203e-01
5.814712643623352051e-01 1.381241977214813232e-01 4.328083693981170654e-01
5.736632943153381348e-01 1.416337192058563232e-01 4.357211291790008545e-01
5.947256684303283691e-01 1.390761584043502808e-01 4.430165886878967285e-01
5.936872959136962891e-01 1.391901075839996338e-01 4.460276067256927490e-01
5.860390067100524902e-01 1.363605260848999023e-01 4.407310187816619873e-01
5.877118110656738281e-01 1.365451961755752563e-01 4.432249963283538818e-01
5.873371958732604980e-01 1.383619308471679688e-01 4.424042999744415283e-01
5.626960396766662598e-01 1.382294744253158569e-01 4.306502044200897217e-01
5.827160477638244629e-01 1.362477093935012817e-01 4.370274543762207031e-01
5.802386999130249023e-01 1.370728909969329834e-01 4.435625374317169189e-01
5.962331295013427734e-01 1.349978595972061157e-01 4.423651993274688721e-01
6.016050577163696289e-01 1.351124644279479980e-01 4.464030563831329346e-01
5.655865669250488281e-01 1.338442713022232056e-01 4.313879311084747314e-01
5.871035456657409668e-01 1.374720931053161621e-01 4.423651099205017090e-01
5.713178515434265137e-01 1.378909647464752197e-01 4.343218803405761719e-01
5.924196839332580566e-01 1.339587569236755371e-01 4.403983950614929199e-01
5.965620875358581543e-01 1.421546936035156250e-01 4.414156675338745117e-01
5.832489132881164551e-01 1.373727023601531982e-01 4.447230100631713867e-01
5.719099044799804688e-01 1.406778693199157715e-01 4.383267760276794434e-01
5.634919404983520508e-01 1.383053660392761230e-01 4.344079792499542236e-01
5.626174211502075195e-01 1.378080844879150391e-01 4.275645017623901367e-01
5.988458395004272461e-01 1.400964558124542236e-01 4.436312913894653320e-01
5.810827016830444336e-01 1.357205212116241455e-01 4.375375509262084961e-01
5.832167267799377441e-01 1.372302025556564331e-01 4.343582689762115479e-01
5.831854939460754395e-01 1.335422247648239136e-01 4.337421655654907227e-01
6.136586070060729980e-01 1.351989507675170898e-01 4.444181323051452637e-01
5.874289274215698242e-01 1.386807411909103394e-01 4.308233261108398438e-01
5.747261643409729004e-01 1.410473734140396118e-01 4.336795806884765625e-01
5.925740003585815430e-01 1.418599039316177368e-01 4.365320503711700439e-01
5.804344415664672852e-01 1.385660469532012939e-01 4.369046390056610107e-01
5.777549147605895996e-01 1.358232349157333374e-01 4.336635172367095947e-01
5.880526304244995117e-01 1.390164941549301147e-01 4.415466487407684326e-01
5.672164559364318848e-01 1.362441182136535645e-01 4.331022202968597412e-01
5.628088712692260742e-01 1.389446705579757690e-01 4.267662465572357178e-01
5.918700098991394043e-01 1.375797092914581299e-01 4.485246539115905762e-01
5.888314247131347656e-01 1.372134983539581299e-01 4.445474445819854736e-01
5.689141750335693359e-01 1.349897831678390503e-01 4.353368878364562988e-01
5.473824143409729004e-01 1.408787816762924194e-01 4.251424074172973633e-01
6.005797386169433594e-01 1.371762454509735107e-01 4.443801045417785645e-01
5.881148576736450195e-01 1.390506327152252197e-01 4.408399462699890137e-01
5.684849619865417480e-01 1.373585313558578491e-01 4.276864230632781982e-01
5.735684037208557129e-01 1.374959051609039307e-01 4.292748868465423584e-01
5.777444243431091309e-01 1.359829902648925781e-01 4.378077983856201172e-01
6.065770983695983887e-01 1.360355019569396973e-01 4.494415819644927979e-01
5.721231102943420410e-01 1.372060328722000122e-01 4.371939897537231445e-01
5.877877473831176758e-01 1.404886841773986816e-01 4.352281689643859863e-01
5.934583544731140137e-01 1.372518986463546753e-01 4.391580522060394287e-01
5.747118592262268066e-01 1.353450119495391846e-01 4.364200830459594727e-01
5.893312096595764160e-01 1.379904747009277344e-01 4.389434456825256348e-01
5.868129134178161621e-01 1.412561535835266113e-01 4.400214850902557373e-01
5.657767653465270996e-01 1.373633742332458496e-01 4.331104457378387451e-01
5.759173035621643066e-01 1.380195617675781250e-01 4.371255338191986084e-01
5.943315625190734863e-01 1.352685540914535522e-01 4.413676559925079346e-01
5.878582596778869629e-01 1.386226713657379150e-01 4.415281116962432861e-01
5.829227566719055176e-01 1.395844072103500366e-01 4.366099536418914795e-01
5.750373601913452148e-01 1.364523470401763916e-01 4.335629045963287354e-01
5.834203958511352539e-01 1.366573423147201538e-01 4.402955770492553711e-01
5.639863014221191406e-01 1.371556222438812256e-01 4.333301186561584473e-01
5.872983932495117188e-01 1.387055516242980957e-01 4.344173073768615723e-01
5.874699950218200684e-01 1.382831484079360962e-01 4.392670989036560059e-01
5.746980905532836914e-01 1.402014493942260742e-01 4.344074130058288574e-01
5.973311662673950195e-01 1.326833218336105347e-01 4.420488476753234863e-01
5.743919014930725098e-01 1.365860402584075928e-01 4.306230247020721436e-01
5.791086554527282715e-01 1.326998323202133179e-01 4.352161884307861328e-01
5.786478519439697266e-01 1.388055980205535889e-01 4.365348219871520996e-01
6.012165546417236328e-01 1.403438001871109009e-01 4.394094645977020264e-01
6.018045544624328613e-01 1.381447315216064453e-01 4.480701982975006104e-01
5.874843597412109375e-01 1.333058327436447144e-01 4.399676620960235596e-01
5.665687322616577148e-01 1.348425596952438354e-01 4.315493404865264893e-01
5.608232021331787109e-01 1.374820321798324585e-01 4.265369772911071777e-01
5.797554254531860352e-01 1.385078281164169312e-01 4.361031949520111084e-01
6.002045273780822754e-01 1.340568661689758301e-01 4.427724182605743408e-01
5.953146219253540039e-01 1.374105960130691528e-01 4.415297508239746094e-01
5.914255976676940918e-01 1.361920237541198730e-01 4.378034770488739014e-01
5.798422098159790039e-01 1.375007629394531250e-01 4.321328103542327881e-01
5.735033750534057617e-01 1.389073878526687622e-01 4.384853541851043701e-01
5.998523831367492676e-01 1.351612955331802368e-01 4.467758834362030029e-01
5.942028760910034180e-01 1.367571055889129639e-01 4.436180889606475830e-01
5.602404475212097168e-01 1.371743679046630859e-01 4.288148880004882812e-01
6.099950671195983887e-01 1.350285559892654419e-01 4.429363012313842773e-01
5.886790752410888672e-01 1.388856619596481323e-01 4.456883668899536133e-01
5.945069789886474609e-01 1.349067687988281250e-01 4.453679919242858887e-01
6.248623728752136230e-01 1.399599760770797729e-01 4.532956182956695557e-01
5.934154391288757324e-01 1.371385306119918823e-01 4.420521557331085205e-01
5.816047787666320801e-01 1.383510082960128784e-01 4.330143332481384277e-01
6.155387759208679199e-01 1.410422325134277344e-01 4.498202800750732422e-01
5.859960317611694336e-01 1.377402693033218384e-01 4.415900707244873047e-01
5.864086151123046875e-01 1.346028298139572144e-01 4.370929598808288574e-01
5.964757800102233887e-01 1.381735354661941528e-01 4.430199563503265381e-01
5.625873804092407227e-01 1.345587819814682007e-01 4.249733686447143555e-01
5.833145976066589355e-01 1.405604034662246704e-01 4.390085041522979736e-01
5.735742449760437012e-01 1.367663741111755371e-01 4.321115314960479736e-01
5.739825367927551270e-01 1.398763507604598999e-01 4.366106688976287842e-01
5.851834416389465332e-01 1.372760683298110962e-01 4.350807070732116699e-01
5.876331329345703125e-01 1.363796889781951904e-01 4.402561187744140625e-01
5.760374665260314941e-01 1.356144398450851440e-01 4.346287250518798828e-01
5.640820860862731934e-01 1.369243860244750977e-01 4.264010190963745117e-01
5.839470624923706055e-01 1.378446072340011597e-01 4.388603270053863525e-01
5.777294635772705078e-01 1.395935118198394775e-01 4.306013882160186768e-01
5.801571607589721680e-01 1.355071216821670532e-01 4.291741549968719482e-01
5.989331007003784180e-01 1.355512738227844238e-01 4.414016604423522949e-01
5.870553851127624512e-01 1.358411759138107300e-01 4.412167668342590332e-01
5.490179061889648438e-01 1.337012946605682373e-01 4.223910868167877197e-01
5.818411707878112793e-01 1.386065930128097534e-01 4.394343197345733643e-01
5.779203176498413086e-01 1.359069049358367920e-01 4.393799006938934326e-01
5.947648882865905762e-01 1.369086205959320068e-01 4.456344544887542725e-01
5.618827342987060547e-01 1.420285999774932861e-01 4.314776062965393066e-01
5.876177549362182617e-01 1.373224705457687378e-01 4.385081231594085693e-01
5.865556001663208008e-01 1.389960050582885742e-01 4.370774328708648682e-01
5.772864222526550293e-01 1.363292187452316284e-01 4.373188316822052002e-01
5.674009919166564941e-01 1.331529319286346436e-01 4.361262321472167969e-01
5.698494911193847656e-01 1.379639953374862671e-01 4.341342151165008545e-01
5.831229090690612793e-01 1.367128342390060425e-01 4.396434724330902100e-01
6.093661785125732422e-01 1.405387371778488159e-01 4.500790536403656006e-01
5.893910527229309082e-01 1.420080810785293579e-01 4.421796202659606934e-01
5.617974996566772461e-01 1.372676491737365723e-01 4.318709671497344971e-01
5.759775042533874512e-01 1.358281970024108887e-01 4.341112971305847168e-01
5.894654393196105957e-01 1.353257149457931519e-01 4.393912851810455322e-01
5.800845623016357422e-01 1.363679468631744385e-01 4.375587999820709229e-01
5.680148601531982422e-01 1.394116729497909546e-01 4.354262948036193848e-01
5.825318098068237305e-01 1.346089839935302734e-01 4.349066615104675293e-01
5.953546762466430664e-01 1.396092176437377930e-01 4.463454186916351318e-01
5.732172727584838867e-01 1.366969496011734009e-01 4.276139140129089355e-01
5.749984383583068848e-01 1.362873315811157227e-01 4.379681646823883057e-01
5.937956571578979492e-01 1.391725540161132812e-01 4.364568293094635010e-01
5.661727786064147949e-01 1.393531411886215210e-01 4.343957901000976562e-01
5.621836781501770020e-01 1.385817080736160278e-01 4.316762089729309082e-01
5.887368321418762207e-01 1.381551027297973633e-01 4.365203380584716797e-01
6.088556647300720215e-01 1.383775770664215088e-01 4.487920701503753662e-01
5.948210358619689941e-01 1.353776752948760986e-01 4.382539987564086914e-01
6.044846177101135254e-01 1.331314891576766968e-01 4.518354535102844238e-01
5.719514489173889160e-01 1.344333291053771973e-01 4.307662248611450195e-01
5.680165886878967285e-01 1.368018388748168945e-01 4.336218237876892090e-01
5.770871043205261230e-01 1.374800205230712891e-01 4.340834617614746094e-01
5.538915395736694336e-01 1.369850486516952515e-01 4.258133769035339355e-01
5.684895515441894531e-01 1.385793983936309814e-01 4.348192512989044189e-01
5.631027221679687500e-01 1.387160122394561768e-01 4.278317689895629883e-01
5.641513466835021973e-01 1.383869200944900513e-01 4.309981167316436768e-01
5.899037718772888184e-01 1.395172178745269775e-01 4.400578141212463379e-01
5.741353034973144531e-01 1.356884986162185669e-01 4.367678463459014893e-01
6.021363735198974609e-01 1.324053257703781128e-01 4.453752338886260986e-01
5.692660212516784668e-01 1.383489668369293213e-01 4.327423572540283203e-01
5.565294623374938965e-01 1.370565444231033325e-01 4.318321645259857178e-01
5.798808932304382324e-01 1.348988711833953857e-01 4.365550577640533447e-01
5.963159203529357910e-01 1.372057795524597168e-01 4.456518292427062988e-01
5.744860172271728516e-01 1.380909681320190430e-01 4.368584454059600830e-01
5.767624974250793457e-01 1.407510042190551758e-01 4.319749176502227783e-01
6.044342517852783203e-01 1.397464573383331299e-01 4.466230869293212891e-01
5.878402590751647949e-01 1.358506679534912109e-01 4.343803226947784424e-01
5.645086765289306641e-01 1.349831819534301758e-01 4.272979497909545898e-01
5.865563154220581055e-01 1.387114226818084717e-01 4.391258060932159424e-01
5.893156528472900391e-01 1.380827128887176514e-01 4.438614845275878906e-01
6.246289014816284180e-01 1.389319449663162231e-01 4.555246233940124512e-01
5.943976044654846191e-01 1.391003131866455078e-01 4.449401497840881348e-01
5.757309794425964355e-01 1.349457651376724243e-01 4.326872229576110840e-01
6.028704643249511719e-01 1.384619623422622681e-01 4.433430731296539307e-01
5.898608565330505371e-01 1.362380683422088623e-01 4.437272250652313232e-01
5.768551230430603027e-01 1.376811861991882324e-01 4.337165653705596924e-01
5.977703928947448730e-01 1.352311670780181885e-01 4.417980313301086426e-01
5.958715081214904785e-01 1.357880085706710815e-01 4.425093829631805420e-01
5.830019116401672363e-01 1.381773352622985840e-01 4.377557039260864258e-01
5.847249031066894531e-01 1.411514580249786377e-01 4.417751431465148926e-01
5.872133374214172363e-01 1.402580738067626953e-01 4.377721846103668213e-01
5.909549593925476074e-01 1.401225030422210693e-01 4.417484104633331299e-01
5.747641324996948242e-01 1.377436816692352295e-01 4.345239400863647461e-01
5.672464966773986816e-01 1.432911902666091919e-01 4.298366010189056396e-01
5.680170059204101562e-01 1.390288472175598145e-01 4.350080192089080811e-01
5.808454751968383789e-01 1.410651504993438721e-01 4.364311993122100830e-01
5.615567564964294434e-01 1.366508752107620239e-01 4.298988580703735352e-01
6.095916628837585449e-01 1.391491591930389404e-01 4.499374628067016602e-01
5.773266553878784180e-01 1.349002867937088013e-01 4.348801970481872559e-01
5.796700119972229004e-01 1.371463984251022339e-01 4.330043494701385498e-01
5.822881460189819336e-01 1.342507004737854004e-01 4.385604262351989746e-01
5.745986700057983398e-01 1.377270221710205078e-01 4.366634488105773926e-01
6.060954332351684570e-01 1.367616653442382812e-01 4.497475028038024902e-01
5.855298638343811035e-01 1.369981467723846436e-01 4.384860694408416748e-01
5.824357867240905762e-01 1.397235691547393799e-01 4.406374096870422363e-01
6.111184358596801758e-01 1.373669207096099854e-01 4.530662894248962402e-01
5.900641083717346191e-01 1.363191306591033936e-01 4.415708482265472412e-01
6.042811274528503418e-01 1.381172537803649902e-01 4.487839341163635254e-01
5.849872231483459473e-01 1.378204375505447388e-01 4.407539367675781250e-01
5.795117020606994629e-01 1.361758559942245483e-01 4.367150366306304932e-01
5.761688351631164551e-01 1.366989910602569580e-01 4.338124692440032959e-01
5.681686997413635254e-01 1.364140659570693970e-01 4.313642084598541260e-01
5.775307416915893555e-01 1.415782421827316284e-01 4.372196495532989502e-01
5.649204254150390625e-01 1.379799544811248779e-01 4.323977530002593994e-01
5.911859273910522461e-01 1.375952363014221191e-01 4.403027594089508057e-01
5.889828205108642578e-01 1.390157043933868408e-01 4.399410188198089600e-01
5.773985981941223145e-01 1.339456588029861450e-01 4.372068345546722412e-01
5.696882009506225586e-01 1.395681947469711304e-01 4.341424107551574707e-01
5.797882676124572754e-01 1.421009302139282227e-01 4.338342249393463135e-01
5.635145902633666992e-01 1.380494236946105957e-01 4.334162771701812744e-01
5.927478075027465820e-01 1.383159458637237549e-01 4.432600736618041992e-01
5.894563198089599609e-01 1.360077261924743652e-01 4.438959658145904541e-01
5.808882117271423340e-01 1.422240436077117920e-01 4.356027245521545410e-01
5.876001715660095215e-01 1.375980228185653687e-01 4.416005015373229980e-01
5.731084942817687988e-01 1.347667872905731201e-01 4.341427385807037354e-01
5.907567739486694336e-01 1.372989565134048462e-01 4.404438436031341553e-01
6.126643419265747070e-01 1.385700553655624390e-01 4.497782886028289795e-01
5.906220674514770508e-01 1.387402117252349854e-01 4.390940964221954346e-01
5.756648182868957520e-01 1.334643661975860596e-01 4.328190982341766357e-01
6.137502193450927734e-01 1.373767703771591187e-01 4.517879486083984375e-01
5.604582428932189941e-01 1.358952820301055908e-01 4.320204854011535645e-01
5.837687849998474121e-01 1.398518830537796021e-01 4.339469075202941895e-01
5.978536009788513184e-01 1.385259777307510376e-01 4.400565326213836670e-01
5.854146480560302734e-01 1.394375413656234741e-01 4.424812793731689453e-01
5.897348523139953613e-01 1.348923593759536743e-01 4.434857368469238281e-01
5.979338288307189941e-01 1.371918767690658569e-01 4.401025772094726562e-01
5.564193129539489746e-01 1.375216692686080933e-01 4.287010729312896729e-01
5.772131085395812988e-01 1.332712769508361816e-01 4.323662519454956055e-01
5.977559685707092285e-01 1.372299492359161377e-01 4.414946138858795166e-01
5.693079233169555664e-01 1.380963325500488281e-01 4.356372654438018799e-01
6.046701669692993164e-01 1.343164741992950439e-01 4.412187039852142334e-01
6.034142971038818359e-01 1.389891058206558228e-01 4.409827888011932373e-01
6.089113950729370117e-01 1.394485384225845337e-01 4.433524012565612793e-01
5.668535232543945312e-01 1.391882598400115967e-01 4.300672113895416260e-01
5.927277803421020508e-01 1.367589980363845825e-01 4.400000870227813721e-01
6.125155091285705566e-01 1.366728544235229492e-01 4.498805999755859375e-01
5.703773498535156250e-01 1.375351250171661377e-01 4.293793439865112305e-01
5.853457450866699219e-01 1.376918256282806396e-01 4.362103343009948730e-01
6.230538487434387207e-01 1.376026719808578491e-01 4.537200033664703369e-01
5.666773915290832520e-01 1.382938921451568604e-01 4.350709319114685059e-01
5.841391086578369141e-01 1.381404995918273926e-01 4.343285262584686279e-01
5.872370600700378418e-01 1.405754983425140381e-01 4.412868022918701172e-01
5.844711065292358398e-01 1.396021991968154907e-01 4.415476024150848389e-01
5.702636837959289551e-01 1.370113193988800049e-01 4.354231655597686768e-01
5.610110759735107422e-01 1.361288875341415405e-01 4.304248094558715820e-01
5.560725927352905273e-01 1.382511258125305176e-01 4.237784147262573242e-01
6.105184555053710938e-01 1.382704377174377441e-01 4.458678364753723145e-01
5.844041109085083008e-01 1.370606124401092529e-01 4.339525401592254639e-01
5.723906159400939941e-01 1.336017847061157227e-01 4.322190880775451660e-01
5.738055109977722168e-01 1.405815631151199341e-01 4.339805841445922852e-01
5.885440707206726074e-01 1.377819180488586426e-01 4.424408674240112305e-01
5.721649527549743652e-01 1.381835639476776123e-01 4.307157397270202637e-01
5.874930024147033691e-01 1.420503705739974976e-01 4.405411481857299805e-01
5.714491605758666992e-01 1.382535398006439209e-01 4.352925717830657959e-01
5.962483882904052734e-01 1.376492679119110107e-01 4.451597332954406738e-01
5.804486274719238281e-01 1.376891732215881348e-01 4.424049854278564453e-01
6.126284003257751465e-01 1.395665407180786133e-01 4.498950839042663574e-01
5.698620676994323730e-01 1.382165998220443726e-01 4.346459805965423584e-01
5.599915385246276855e-01 1.348896771669387817e-01 4.249487519264221191e-01
5.724895000457763672e-01 1.362641304731369019e-01 4.336789548397064209e-01
5.777566432952880859e-01 1.394205093383789062e-01 4.348035454750061035e-01
5.800369381904602051e-01 1.369630694389343262e-01 4.414269030094146729e-01
5.599870681762695312e-01 1.346871554851531982e-01 4.354387223720550537e-01
5.860185623168945312e-01 1.385294497013092041e-01 4.296644926071166992e-01
5.987899899482727051e-01 1.384207904338836670e-01 4.425736367702484131e-01
5.857102274894714355e-01 1.377567350864410400e-01 4.428414404392242432e-01
5.654626488685607910e-01 1.368243247270584106e-01 4.315893650054931641e-01
6.045197844505310059e-01 1.347093433141708374e-01 4.453906714916229248e-01
5.873338580131530762e-01 1.381778419017791748e-01 4.443090260028839111e-01
5.644140243530273438e-01 1.338501274585723877e-01 4.286659359931945801e-01
5.752241015434265137e-01 1.372252106666564941e-01 4.337210953235626221e-01
5.955909490585327148e-01 1.366941928863525391e-01 4.465116858482360840e-01
5.841618776321411133e-01 1.382466107606887817e-01 4.418711364269256592e-01
6.093326210975646973e-01 1.383799016475677490e-01 4.476408362388610840e-01
5.980048179626464844e-01 1.404922753572463989e-01 4.475220441818237305e-01
5.926117300987243652e-01 1.371558010578155518e-01 4.430041611194610596e-01
5.884350538253784180e-01 1.350512057542800903e-01 4.420541226863861084e-01
5.781840085983276367e-01 1.354458034038543701e-01 4.367181956768035889e-01
5.955470800399780273e-01 1.384022533893585205e-01 4.438249766826629639e-01
5.630066394805908203e-01 1.357377767562866211e-01 4.287367463111877441e-01
5.857656598091125488e-01 1.364881098270416260e-01 4.318003058433532715e-01
5.781062245368957520e-01 1.383061408996582031e-01 4.347282052040100098e-01
5.910007953643798828e-01 1.354947090148925781e-01 4.366798102855682373e-01
6.008793115615844727e-01 1.412124335765838623e-01 4.443885982036590576e-01
5.820409059524536133e-01 1.397706568241119385e-01 4.368688762187957764e-01
5.745634436607360840e-01 1.363876610994338989e-01 4.320255219936370850e-01
5.744495391845703125e-01 1.373063623905181885e-01 4.321599602699279785e-01
5.762339830398559570e-01 1.394724249839782715e-01 4.384371340274810791e-01
5.881063938140869141e-01 1.361505985260009766e-01 4.437684118747711182e-01
5.704225897789001465e-01 1.380267739295959473e-01 4.345291554927825928e-01
5.990089178085327148e-01 1.394825577735900879e-01 4.434800744056701660e-01
5.712080597877502441e-01 1.332714855670928955e-01 4.306355714797973633e-01
5.930377244949340820e-01 1.355411112308502197e-01 4.400076568126678467e-01
5.825423598289489746e-01 1.418572962284088135e-01 4.379540681838989258e-01
5.831329822540283203e-01 1.398299485445022583e-01 4.354719817638397217e-01
5.805041790008544922e-01 1.348335146903991699e-01 4.406308531761169434e-01
5.783078074455261230e-01 1.350783705711364746e-01 4.368486106395721436e-01
5.970181226730346680e-01 1.388110518455505371e-01 4.375769495964050293e-01
5.708622336387634277e-01 1.366243511438369751e-01 4.344914257526397705e-01
6.124365925788879395e-01 1.372747123241424561e-01 4.441824853420257568e-01
5.896271467208862305e-01 1.368376910686492920e-01 4.473676383495330811e-01
5.919384360313415527e-01 1.355798840522766113e-01 4.407212436199188232e-01
5.662065744400024414e-01 1.360704302787780762e-01 4.294787943363189697e-01
6.105609536170959473e-01 1.399594843387603760e-01 4.508927464485168457e-01
5.933967232704162598e-01 1.350263357162475586e-01 4.413926005363464355e-01
5.826425552368164062e-01 1.389346122741699219e-01 4.347657263278961182e-01
5.750050544738769531e-01 1.371045708656311035e-01 4.387890398502349854e-01
5.987617969512939453e-01 1.380422115325927734e-01 4.458289146423339844e-01
5.906773805618286133e-01 1.348136514425277710e-01 4.477939009666442871e-01
5.824668407440185547e-01 1.418306976556777954e-01 4.384212493896484375e-01
5.717194080352783203e-01 1.353746801614761353e-01 4.347629547119140625e-01
5.666300654411315918e-01 1.379006803035736084e-01 4.290558099746704102e-01
5.924267768859863281e-01 1.373574286699295044e-01 4.371259808540344238e-01
5.969029068946838379e-01 1.384204626083374023e-01 4.509053826332092285e-01
5.726283192634582520e-01 1.363012492656707764e-01 4.342934489250183105e-01
5.815337300300598145e-01 1.381557881832122803e-01 4.375792741775512695e-01
5.898299813270568848e-01 1.383483111858367920e-01 4.394840002059936523e-01
5.628907680511474609e-01 1.356146931648254395e-01 4.276686608791351318e-01
5.702930092811584473e-01 1.364632397890090942e-01 4.357048571109771729e-01
5.817155838012695312e-01 1.425877660512924194e-01 4.357712566852569580e-01
5.975005626678466797e-01 1.382997334003448486e-01 4.421018064022064209e-01
5.654303431510925293e-01 1.395224332809448242e-01 4.276632964611053467e-01
6.161830425262451172e-01 1.357345730066299438e-01 4.550395309925079346e-01
5.916565060615539551e-01 1.396578848361968994e-01 4.467011988162994385e-01
5.760732293128967285e-01 1.369704157114028931e-01 4.379106760025024414e-01
5.620517134666442871e-01 1.394973695278167725e-01 4.259947836399078369e-01
5.935956835746765137e-01 1.364988684654235840e-01 4.441553950309753418e-01
5.761003494262695312e-01 1.375239491462707520e-01 4.357975423336029053e-01
5.917748808860778809e-01 1.367243677377700806e-01 4.404532015323638916e-01
5.903783440589904785e-01 1.370437890291213989e-01 4.392971098423004150e-01
5.866281390190124512e-01 1.338730901479721069e-01 4.415252804756164551e-01
6.042481064796447754e-01 1.398971527814865112e-01 4.465145766735076904e-01
5.868923664093017578e-01 1.406747400760650635e-01 4.374898076057434082e-01
6.281079053878784180e-01 1.359891891479492188e-01 4.575549066066741943e-01
6.004362702369689941e-01 1.437633931636810303e-01 4.498699009418487549e-01
5.835062861442565918e-01 1.391203999519348145e-01 4.384851455688476562e-01
5.992948412895202637e-01 1.372740268707275391e-01 4.451851546764373779e-01
5.961307883262634277e-01 1.356453597545623779e-01 4.440341293811798096e-01
6.120299696922302246e-01 1.378326863050460815e-01 4.490659236907958984e-01
6.080531477928161621e-01 1.361589729785919189e-01 4.517852365970611572e-01
5.585416555404663086e-01 1.411436051130294800e-01 4.261281490325927734e-01
5.723257064819335938e-01 1.398130953311920166e-01 4.290748834609985352e-01
5.827903747558593750e-01 1.391093134880065918e-01 4.427145421504974365e-01
5.761047005653381348e-01 1.344915181398391724e-01 4.336962997913360596e-01
6.023810505867004395e-01 1.373720467090606689e-01 4.475025534629821777e-01
5.686163306236267090e-01 1.381573081016540527e-01 4.290172755718231201e-01
6.074451804161071777e-01 1.366700977087020874e-01 4.460714161396026611e-01
6.214008331298828125e-01 1.375441402196884155e-01 4.503884017467498779e-01
5.640048980712890625e-01 1.354576349258422852e-01 4.289307594299316406e-01
5.781599283218383789e-01 1.373435556888580322e-01 4.337950050830841064e-01
5.961921811103820801e-01 1.409028023481369019e-01 4.422992765903472900e-01
6.051691770553588867e-01 1.390311419963836670e-01 4.471634924411773682e-01
5.938785672187805176e-01 1.404183804988861084e-01 4.407742619514465332e-01
6.082229614257812500e-01 1.385039538145065308e-01 4.457023739814758301e-01
5.850322246551513672e-01 1.408304423093795776e-01 4.371238350868225098e-01
5.802047848701477051e-01 1.343203485012054443e-01 4.346749484539031982e-01
5.771964192390441895e-01 1.384542733430862427e-01 4.390587508678436279e-01
5.912854075431823730e-01 1.323040127754211426e-01 4.428623318672180176e-01
5.645451545715332031e-01 1.362887471914291382e-01 4.320440590381622314e-01
5.775240063667297363e-01 1.438747793436050415e-01 4.348184764385223389e-01
5.846491456031799316e-01 1.385364681482315063e-01 4.367087185382843018e-01
5.928291082382202148e-01 1.388090699911117554e-01 4.435279965400695801e-01
5.909719467163085938e-01 1.402958929538726807e-01 4.359944164752960205e-01
5.841817259788513184e-01 1.393501609563827515e-01 4.382797181606292725e-01
5.697561502456665039e-01 1.354382336139678955e-01 4.348032176494598389e-01
5.917640328407287598e-01 1.367467492818832397e-01 4.448023736476898193e-01
5.914844274520874023e-01 1.414095163345336914e-01 4.380783140659332275e-01
5.910801887512207031e-01 1.379349231719970703e-01 4.396408796310424805e-01
5.813258886337280273e-01 1.401066631078720093e-01 4.404628574848175049e-01
5.797548294067382812e-01 1.366350501775741577e-01 4.329341650009155273e-01
5.694700479507446289e-01 1.391716152429580688e-01 4.328991472721099854e-01
5.710453987121582031e-01 1.392167806625366211e-01 4.335905313491821289e-01
5.686621665954589844e-01 1.339840888977050781e-01 4.271355569362640381e-01
5.788112878799438477e-01 1.352008283138275146e-01 4.394515454769134521e-01
5.827371478080749512e-01 1.398015022277832031e-01 4.323766231536865234e-01
5.855399370193481445e-01 1.390440911054611206e-01 4.427620768547058105e-01
5.611605644226074219e-01 1.358290761709213257e-01 4.283037483692169189e-01
6.124160885810852051e-01 1.405914127826690674e-01 4.486777484416961670e-01
6.035519838333129883e-01 1.353280544281005859e-01 4.440951049327850342e-01
5.858454108238220215e-01 1.367557942867279053e-01 4.416337013244628906e-01
5.708686113357543945e-01 1.327716708183288574e-01 4.292253851890563965e-01
5.971802473068237305e-01 1.380978822708129883e-01 4.431322515010833740e-01
5.802876353263854980e-01 1.388113200664520264e-01 4.387989938259124756e-01
6.084597110748291016e-01 1.339992880821228027e-01 4.458763897418975830e-01
5.618041157722473145e-01 1.346286237239837646e-01 4.279538094997406006e-01
5.644568204879760742e-01 1.399858742952346802e-01 4.284851849079132080e-01
5.665609240531921387e-01 1.363699883222579956e-01 4.301549792289733887e-01
5.850707292556762695e-01 1.334545910358428955e-01 4.441573917865753174e-01
5.870810151100158691e-01 1.329913884401321411e-01 4.432043135166168213e-01
5.799494385719299316e-01 1.365936696529388428e-01 4.315991699695587158e-01
5.899635553359985352e-01 1.394818872213363647e-01 4.413205385208129883e-01
5.625379681587219238e-01 1.394111514091491699e-01 4.315372407436370850e-01
5.954757928848266602e-01 1.361410617828369141e-01 4.460169970989227295e-01
5.636001825332641602e-01 1.368258595466613770e-01 4.256742894649505615e-01
5.821204781532287598e-01 1.400910019874572754e-01 4.372981786727905273e-01
6.114320755004882812e-01 1.379090845584869385e-01 4.466478824615478516e-01
5.909802913665771484e-01 1.380473971366882324e-01 4.442325830459594727e-01
5.722535848617553711e-01 1.412893384695053101e-01 4.292933642864227295e-01
5.885702967643737793e-01 1.367944777011871338e-01 4.407505691051483154e-01
5.827157497406005859e-01 1.356573402881622314e-01 4.382503032684326172e-01
6.112001538276672363e-01 1.368220150470733643e-01 4.509691894054412842e-01
5.971881151199340820e-01 1.357121467590332031e-01 4.457452297210693359e-01
5.691604018211364746e-01 1.417713463306427002e-01 4.298244118690490723e-01
5.943198800086975098e-01 1.349489539861679077e-01 4.424701035022735596e-01
6.013633608818054199e-01 1.367712914943695068e-01 4.444159269332885742e-01
5.700545907020568848e-01 1.375907659530639648e-01 4.288341999053955078e-01
5.879479050636291504e-01 1.416677832603454590e-01 4.405512511730194092e-01
6.016477942466735840e-01 1.384301781654357910e-01 4.384918212890625000e-01
5.747772455215454102e-01 1.371824443340301514e-01 4.363500773906707764e-01
5.787003040313720703e-01 1.370874792337417603e-01 4.347356855869293213e-01
5.769927501678466797e-01 1.367526352405548096e-01 4.351251125335693359e-01
5.676612854003906250e-01 1.405066102743148804e-01 4.318765401840209961e-01
5.929927229881286621e-01 1.376019120216369629e-01 4.397355914115905762e-01
5.948157906532287598e-01 1.376715451478958130e-01 4.402571320533752441e-01
5.868290662765502930e-01 1.337269395589828491e-01 4.346715211868286133e-01
5.620611906051635742e-01 1.377751231193542480e-01 4.252900779247283936e-01
5.887910723686218262e-01 1.385511755943298340e-01 4.362532496452331543e-01
6.057605743408203125e-01 1.364631652832031250e-01 4.499588310718536377e-01
5.747596025466918945e-01 1.367477029561996460e-01 4.388864636421203613e-01
5.895741581916809082e-01 1.387985199689865112e-01 4.396016597747802734e-01
5.831670761108398438e-01 1.400964558124542236e-01 4.404475986957550049e-01
5.792208313941955566e-01 1.346024572849273682e-01 4.355785250663757324e-01
5.722295641899108887e-01 1.360842585563659668e-01 4.361665546894073486e-01
5.780839920043945312e-01 1.402933299541473389e-01 4.357160627841949463e-01
6.035300493240356445e-01 1.360906958580017090e-01 4.416243731975555420e-01
5.773980617523193359e-01 1.376001685857772827e-01 4.328422248363494873e-01
5.902157425880432129e-01 1.343013048171997070e-01 4.403757750988006592e-01
6.055436134338378906e-01 1.369075775146484375e-01 4.491190612316131592e-01
5.513275265693664551e-01 1.377677768468856812e-01 4.248135089874267578e-01
5.791502594947814941e-01 1.360006928443908691e-01 4.358167946338653564e-01
5.935997366905212402e-01 1.421004682779312134e-01 4.406311511993408203e-01
5.787629485130310059e-01 1.341151297092437744e-01 4.353626370429992676e-01
5.903270244598388672e-01 1.354648917913436890e-01 4.415691494941711426e-01
5.960529446601867676e-01 1.375165581703186035e-01 4.437855780124664307e-01
5.993173122406005859e-01 1.378477811813354492e-01 4.458977282047271729e-01
6.184577345848083496e-01 1.387886852025985718e-01 4.493446648120880127e-01
5.858414769172668457e-01 1.350816935300827026e-01 4.418227374553680420e-01
5.662149786949157715e-01 1.350207626819610596e-01 4.299884140491485596e-01
6.024225950241088867e-01 1.396201103925704956e-01 4.444777071475982666e-01
6.016958951950073242e-01 1.389385759830474854e-01 4.455132484436035156e-01
5.775350332260131836e-01 1.331442594528198242e-01 4.336302876472473145e-01
5.744662880897521973e-01 1.360851675271987915e-01 4.375809729099273682e-01
5.761244297027587891e-01 1.359254717826843262e-01 4.341430068016052246e-01
5.852202177047729492e-01 1.359468698501586914e-01 4.413393437862396240e-01
6.010257005691528320e-01 1.365637481212615967e-01 4.461544156074523926e-01
6.225292086601257324e-01 1.364299803972244263e-01 4.507230818271636963e-01
5.924805402755737305e-01 1.376561522483825684e-01 4.388762414455413818e-01
5.957198739051818848e-01 1.393789052963256836e-01 4.445302486419677734e-01
5.810303688049316406e-01 1.394084692001342773e-01 4.387812614440917969e-01
6.140080690383911133e-01 1.379165351390838623e-01 4.538057744503021240e-01
5.690293908119201660e-01 1.368410736322402954e-01 4.324246346950531006e-01
5.743806362152099609e-01 1.420784294605255127e-01 4.286071658134460449e-01
5.887153744697570801e-01 1.413749307394027710e-01 4.356240034103393555e-01
5.541794300079345703e-01 1.376232355833053589e-01 4.244793355464935303e-01
5.603659152984619141e-01 1.372587382793426514e-01 4.258247613906860352e-01
5.626996755599975586e-01 1.352965831756591797e-01 4.296556711196899414e-01
5.792756676673889160e-01 1.416928768157958984e-01 4.368174374103546143e-01
5.778623819351196289e-01 1.347189694643020630e-01 4.355841577053070068e-01
5.843856930732727051e-01 1.386599540710449219e-01 4.357275664806365967e-01
5.717262029647827148e-01 1.382814645767211914e-01 4.348085522651672363e-01
5.939537286758422852e-01 1.415943950414657593e-01 4.380690157413482666e-01
5.739150047302246094e-01 1.413486003875732422e-01 4.330605566501617432e-01
6.167008280754089355e-01 1.413696259260177612e-01 4.525928795337677002e-01
5.803347229957580566e-01 1.376384049654006958e-01 4.330012202262878418e-01
5.951396226882934570e-01 1.408493071794509888e-01 4.441959857940673828e-01
5.697130560874938965e-01 1.355355083942413330e-01 4.294077455997467041e-01
5.720809102058410645e-01 1.367647349834442139e-01 4.361398220062255859e-01
5.751647353172302246e-01 1.404275000095367432e-01 4.367713034152984619e-01
5.984823703765869141e-01 1.376807987689971924e-01 4.477150142192840576e-01
5.881984233856201172e-01 1.369709819555282593e-01 4.375825524330139160e-01
5.847779512405395508e-01 1.416052281856536865e-01 4.403563439846038818e-01
5.945904254913330078e-01 1.356649994850158691e-01 4.322545826435089111e-01
5.933791995048522949e-01 1.356761455535888672e-01 4.364216923713684082e-01
5.856791138648986816e-01 1.398948282003402710e-01 4.401953220367431641e-01
5.594399571418762207e-01 1.369671225547790527e-01 4.271997511386871338e-01
5.677507519721984863e-01 1.346308737993240356e-01 4.253666996955871582e-01
5.829845070838928223e-01 1.414622664451599121e-01 4.349574148654937744e-01
5.663316249847412109e-01 1.370456218719482422e-01 4.309879839420318604e-01
5.856916308403015137e-01 1.378526985645294189e-01 4.395638704299926758e-01
5.717644691467285156e-01 1.397742331027984619e-01 4.307951927185058594e-01
5.742136240005493164e-01 1.370532065629959106e-01 4.326357245445251465e-01
5.966649055480957031e-01 1.381128132343292236e-01 4.459724426269531250e-01
5.688636898994445801e-01 1.368419378995895386e-01 4.287882447242736816e-01
5.865992903709411621e-01 1.347597241401672363e-01 4.407512545585632324e-01
6.043097972869873047e-01 1.394808590412139893e-01 4.469805955886840820e-01
6.013762950897216797e-01 1.351695656776428223e-01 4.462239146232604980e-01
5.846511721611022949e-01 1.402533948421478271e-01 4.355317652225494385e-01
5.634188652038574219e-01 1.379795074462890625e-01 4.274773001670837402e-01
5.616897940635681152e-01 1.335946172475814819e-01 4.336742460727691650e-01
5.967063307762145996e-01 1.401763409376144409e-01 4.415384531021118164e-01
5.745374560356140137e-01 1.368925869464874268e-01 4.352179169654846191e-01
6.078036427497863770e-01 1.366699039936065674e-01 4.456243515014648438e-01
5.646032691001892090e-01 1.354248374700546265e-01 4.276036918163299561e-01
5.827521681785583496e-01 1.349314600229263306e-01 4.367568790912628174e-01
6.013945341110229492e-01 1.372106373310089111e-01 4.478691816329956055e-01
5.614189505577087402e-01 1.355954110622406006e-01 4.260962009429931641e-01
5.820012688636779785e-01 1.387474983930587769e-01 4.347175955772399902e-01
5.564737915992736816e-01 1.397376805543899536e-01 4.174894988536834717e-01
5.812563896179199219e-01 1.397496908903121948e-01 4.347986876964569092e-01
5.869305729866027832e-01 1.365214586257934570e-01 4.413945078849792480e-01
5.734791159629821777e-01 1.366996616125106812e-01 4.367558360099792480e-01
5.633063316345214844e-01 1.358545720577239990e-01 4.301240742206573486e-01
5.969372987747192383e-01 1.409614980220794678e-01 4.402886331081390381e-01
5.741567611694335938e-01 1.362890005111694336e-01 4.351937174797058105e-01
5.653246641159057617e-01 1.372282207012176514e-01 4.344196915626525879e-01
5.892772674560546875e-01 1.335303187370300293e-01 4.375816285610198975e-01
5.914270877838134766e-01 1.366413533687591553e-01 4.415025413036346436e-01
5.674170255661010742e-01 1.360320448875427246e-01 4.341579973697662354e-01
5.830128788948059082e-01 1.402501761913299561e-01 4.423478245735168457e-01
5.803704857826232910e-01 1.415628939867019653e-01 4.383084475994110107e-01
5.896203517913818359e-01 1.410380601882934570e-01 4.415244758129119873e-01
5.685261487960815430e-01 1.395463049411773682e-01 4.290056824684143066e-01
5.736949443817138672e-01 1.396585702896118164e-01 4.343459308147430420e-01
5.937255620956420898e-01 1.370331943035125732e-01 4.405749142169952393e-01
6.096126437187194824e-01 1.337767094373703003e-01 4.474201500415802002e-01
5.985847115516662598e-01 1.346907019615173340e-01 4.454327821731567383e-01
5.927336215972900391e-01 1.417914181947708130e-01 4.395580291748046875e-01
5.885511040687561035e-01 1.363401710987091064e-01 4.402279257774353027e-01
5.817227363586425781e-01 1.374663710594177246e-01 4.344563484191894531e-01
5.700373649597167969e-01 1.367557793855667114e-01 4.339500963687896729e-01
5.844140052795410156e-01 1.374035030603408813e-01 4.401174485683441162e-01
6.024087667465209961e-01 1.343579292297363281e-01 4.394267797470092773e-01
5.714122056961059570e-01 1.400264948606491089e-01 4.320172071456909180e-01
5.993669033050537109e-01 1.378917396068572998e-01 4.359895884990692139e-01
5.665234327316284180e-01 1.393143832683563232e-01 4.315373003482818604e-01
5.894052982330322266e-01 1.333176195621490479e-01 4.375942945480346680e-01
5.883345007896423340e-01 1.364844143390655518e-01 4.386970400810241699e-01
5.990945696830749512e-01 1.383583545684814453e-01 4.449466168880462646e-01
5.845373868942260742e-01 1.364163160324096680e-01 4.367479681968688965e-01
5.896804332733154297e-01 1.396341323852539062e-01 4.416944384574890137e-01
6.105908751487731934e-01 1.348107159137725830e-01 4.511979818344116211e-01
5.818755626678466797e-01 1.405341029167175293e-01 4.360599815845489502e-01
5.916338562965393066e-01 1.343182623386383057e-01 4.372745156288146973e-01
5.930573344230651855e-01 1.357106715440750122e-01 4.422650337219238281e-01
5.790926814079284668e-01 1.404863446950912476e-01 4.413710236549377441e-01
5.859422683715820312e-01 1.380042582750320435e-01 4.455699324607849121e-01
5.863734483718872070e-01 1.374003291130065918e-01 4.347284734249114990e-01
6.277247071266174316e-01 1.349126547574996948e-01 4.564447402954101562e-01
6.038130521774291992e-01 1.350657641887664795e-01 4.470334351062774658e-01
5.806886553764343262e-01 1.348574757575988770e-01 4.394079148769378662e-01
5.653859376907348633e-01 1.410391330718994141e-01 4.319649040699005127e-01
5.898230671882629395e-01 1.391815841197967529e-01 4.473662674427032471e-01
5.745953917503356934e-01 1.384180486202239990e-01 4.348784089088439941e-01
5.858120322227478027e-01 1.366911530494689941e-01 4.402741193771362305e-01
6.049132943153381348e-01 1.328668594360351562e-01 4.501096308231353760e-01
5.903366804122924805e-01 1.369327604770660400e-01 4.408627450466156006e-01
5.939655900001525879e-01 1.383613198995590210e-01 4.370912015438079834e-01
5.924811363220214844e-01 1.356009691953659058e-01 4.385002255439758301e-01
5.796092152595520020e-01 1.320282816886901855e-01 4.325184524059295654e-01
5.706822276115417480e-01 1.384613364934921265e-01 4.311519265174865723e-01
5.801265835762023926e-01 1.393125057220458984e-01 4.377887845039367676e-01
5.900490880012512207e-01 1.356264203786849976e-01 4.401717483997344971e-01
5.952754616737365723e-01 1.414205282926559448e-01 4.451647102832794189e-01
5.820833444595336914e-01 1.402456164360046387e-01 4.369681775569915771e-01
5.927035808563232422e-01 1.387987434864044189e-01 4.412125945091247559e-01
6.064593791961669922e-01 1.356897652149200439e-01 4.494006931781768799e-01
5.712019205093383789e-01 1.379421949386596680e-01 4.338933527469635010e-01
